title:LamChopz_DIM_Wishlist

// Battle Scar (pve)
//notes: tags:pve
dimwishlist:item=2099894368&perks=839105230,3142289711,3619207468,3891536761
dimwishlist:item=2099894368&perks=839105230,3142289711,3700496672,3891536761
dimwishlist:item=2099894368&perks=839105230,1087426260,3619207468,3891536761
dimwishlist:item=2099894368&perks=839105230,1087426260,3700496672,3891536761
dimwishlist:item=2099894368&perks=839105230,106909392,3619207468,3891536761
dimwishlist:item=2099894368&perks=839105230,106909392,3700496672,3891536761
dimwishlist:item=2099894368&perks=839105230,3230963543,3619207468,3891536761
dimwishlist:item=2099894368&perks=839105230,3230963543,3700496672,3891536761
dimwishlist:item=2099894368&perks=4090651448,3142289711,3619207468,3891536761
dimwishlist:item=2099894368&perks=4090651448,3142289711,3700496672,3891536761
dimwishlist:item=2099894368&perks=4090651448,1087426260,3619207468,3891536761
dimwishlist:item=2099894368&perks=4090651448,1087426260,3700496672,3891536761
dimwishlist:item=2099894368&perks=4090651448,106909392,3619207468,3891536761
dimwishlist:item=2099894368&perks=4090651448,106909392,3700496672,3891536761
dimwishlist:item=2099894368&perks=4090651448,3230963543,3619207468,3891536761
dimwishlist:item=2099894368&perks=4090651448,3230963543,3700496672,3891536761
dimwishlist:item=2099894368&perks=1482024992,3142289711,3619207468,3891536761
dimwishlist:item=2099894368&perks=1482024992,3142289711,3700496672,3891536761
dimwishlist:item=2099894368&perks=1482024992,1087426260,3619207468,3891536761
dimwishlist:item=2099894368&perks=1482024992,1087426260,3700496672,3891536761
dimwishlist:item=2099894368&perks=1482024992,106909392,3619207468,3891536761
dimwishlist:item=2099894368&perks=1482024992,106909392,3700496672,3891536761
dimwishlist:item=2099894368&perks=1482024992,3230963543,3619207468,3891536761
dimwishlist:item=2099894368&perks=1482024992,3230963543,3700496672,3891536761


// Horror Story (pve)
//notes: tags:pve
dimwishlist:item=3829285960&perks=679077873,3142289711,1168162263,588594999
dimwishlist:item=3829285960&perks=679077873,3142289711,1168162263,3425386926
dimwishlist:item=3829285960&perks=679077873,1087426260,1168162263,588594999
dimwishlist:item=3829285960&perks=679077873,1087426260,1168162263,3425386926
dimwishlist:item=3829285960&perks=679077873,106909392,1168162263,588594999
dimwishlist:item=3829285960&perks=679077873,106909392,1168162263,3425386926
dimwishlist:item=3829285960&perks=679077873,3230963543,1168162263,588594999
dimwishlist:item=3829285960&perks=679077873,3230963543,1168162263,3425386926
dimwishlist:item=3829285960&perks=679077872,3142289711,1168162263,588594999
dimwishlist:item=3829285960&perks=679077872,3142289711,1168162263,3425386926
dimwishlist:item=3829285960&perks=679077872,1087426260,1168162263,588594999
dimwishlist:item=3829285960&perks=679077872,1087426260,1168162263,3425386926
dimwishlist:item=3829285960&perks=679077872,106909392,1168162263,588594999
dimwishlist:item=3829285960&perks=679077872,106909392,1168162263,3425386926
dimwishlist:item=3829285960&perks=679077872,3230963543,1168162263,588594999
dimwishlist:item=3829285960&perks=679077872,3230963543,1168162263,3425386926
dimwishlist:item=3829285960&perks=2405638015,3142289711,1168162263,588594999
dimwishlist:item=3829285960&perks=2405638015,3142289711,1168162263,3425386926
dimwishlist:item=3829285960&perks=2405638015,1087426260,1168162263,588594999
dimwishlist:item=3829285960&perks=2405638015,1087426260,1168162263,3425386926
dimwishlist:item=3829285960&perks=2405638015,106909392,1168162263,588594999
dimwishlist:item=3829285960&perks=2405638015,106909392,1168162263,3425386926
dimwishlist:item=3829285960&perks=2405638015,3230963543,1168162263,588594999
dimwishlist:item=3829285960&perks=2405638015,3230963543,1168162263,3425386926


